0.000 0.000 0.859 0.000 0.000 
0.000 0.937 1.000 0.000 0.000 
0.000 0.000 1.000 0.000 0.000 
0.000 0.000 1.000 0.000 0.000 
0.000 0.000 1.000 0.000 0.000 
0.000 0.000 1.000 0.000 0.000 
0.000 0.937 1.000 0.953 0.000 
1
0.000 1.000 1.000 1.000 0.000 
1.000 0.000 0.000 0.000 1.000 
0.000 0.000 0.000 0.000 1.000 
0.000 0.000 0.000 1.000 0.000 
0.000 1.000 1.000 0.000 0.000 
1.000 0.000 0.000 0.000 0.000 
1.000 1.000 1.000 1.000 1.000 
2
0.000 1.000 1.000 1.000 0.000 
1.000 0.000 0.000 0.000 1.000 
0.000 0.000 0.000 0.000 1.000 
0.000 0.000 1.000 1.000 0.000 
0.000 0.000 0.000 0.000 1.000 
1.000 0.000 0.000 0.000 1.000 
0.000 1.000 1.000 1.000 0.000 
3
0.000 0.000 1.000 1.000 0.000 
0.000 1.000 0.000 1.000 0.000 
1.000 0.000 0.000 1.000 0.000 
1.000 0.000 0.000 1.000 0.000 
1.000 1.000 1.000 1.000 1.000 
0.000 0.000 0.000 1.000 0.000 
0.000 0.000 0.000 1.000 0.000 
4
1.000 1.000 1.000 1.000 1.000 
1.000 0.000 0.000 0.000 0.000 
1.000 1.000 1.000 1.000 0.000 
0.000 0.000 0.000 0.000 1.000 
0.000 0.000 0.000 0.000 1.000 
1.000 0.000 0.000 0.000 1.000 
0.000 1.000 1.000 1.000 0.000 
5
0.063 1.000 1.000 1.000 0.000 
1.000 0.000 0.000 0.000 1.000 
1.000 0.000 0.000 0.031 1.000 
1.000 0.000 0.000 0.000 1.000 
1.000 0.000 0.000 0.000 1.000 
1.000 0.000 0.000 0.000 1.000 
0.000 1.000 1.000 1.000 0.000 
0
0.063 1.000 1.000 1.000 0.000 
1.000 0.000 0.000 0.000 1.000 
1.000 0.000 0.000 0.031 0.000 
1.000 1.000 1.000 1.000 0.000 
1.000 0.000 0.000 0.000 1.000 
1.000 0.000 0.000 0.000 1.000 
0.000 1.000 1.000 1.000 0.000 
6
0.063 1.000 1.000 1.000 0.000 
1.000 0.000 0.000 0.000 1.000 
1.000 0.000 0.000 0.031 1.000 
0.000 1.000 1.000 1.000 0.000 
1.000 0.000 0.000 0.000 1.000 
1.000 0.000 0.000 0.000 1.000 
0.000 1.000 1.000 1.000 0.000 
8
0.063 1.000 1.000 1.000 0.000 
1.000 0.000 0.000 0.000 1.000 
1.000 0.000 0.000 0.031 1.000 
0.000 1.000 1.000 1.000 1.000 
0.000 0.000 0.000 0.000 1.000 
1.000 0.000 0.000 0.000 1.000 
0.000 1.000 1.000 1.000 0.000 
9
1.000 1.000 1.000 1.000 1.000 
0.000 0.000 0.000 0.000 1.000 
0.000 0.000 0.000 1.000 0.000 
0.000 0.000 1.000 0.000 0.000 
0.000 1.000 0.000 0.000 0.000 
0.000 1.000 0.000 0.000 0.000 
0.000 1.000 0.000 0.000 0.000 
7
1.000 1.000 1.000 1.000 1.000 
1.000 0.000 0.000 0.000 1.000 
1.000 0.000 0.000 0.031 1.000 
0.000 1.000 1.000 1.000 0.000 
1.000 0.000 0.000 0.000 1.000 
1.000 0.000 0.000 0.000 1.000 
1.000 1.000 1.000 1.000 1.000 
8
1.000 1.000 1.000 1.000 1.000 
1.000 0.000 0.000 0.000 1.000 
1.000 0.000 0.000 0.031 1.000 
1.000 1.000 1.000 1.000 1.000 
1.000 0.000 0.000 0.000 1.000 
1.000 0.000 0.000 0.000 1.000 
1.000 1.000 1.000 1.000 1.000 
8